4 0.69298246 0.36514886 0.04093567 0.04028021
4 0.87134503 0.40017513 0.04444444 0.06129597
4 0.51871345 0.31085814 0.03859649 0.05779335
3 0.69415205 0.33975482 0.04795322 0.02451839
3 0.86140351 0.36427320 0.04795322 0.02802102
3 0.51403509 0.27232925 0.04795322 0.03327496
3 0.41286550 0.33800350 0.04678363 0.03502627
2 0.15029240 0.83274956 0.08304094 0.13485114
2 0.16842105 0.73292469 0.06081871 0.12784588
2 0.52748538 0.57968476 0.04912281 0.10157618
2 0.57602339 0.50000000 0.05029240 0.05429072
2 0.69415205 0.49562172 0.06432749 0.04203152
2 0.74678363 0.48861646 0.03391813 0.05954466
2 0.92397661 0.80297723 0.03742690 0.16287215
0 0.07309942 0.56479860 0.14619883 0.86690018
0 0.23625731 0.60595447 0.20584795 0.77758319
0 0.37953216 0.59369527 0.12982456 0.66549912
0 0.51578947 0.57793345 0.12865497 0.71803853
0 0.68421053 0.56742557 0.13099415 0.56742557
0 0.87543860 0.63922942 0.16959064 0.72154116
0 0.97076023 0.62697023 0.05847953 0.66549912
