1 0.82437905 0.18306142 0.10016199 0.19433781
1 0.26741361 0.40451056 0.09368251 0.15067179
1 0.34975702 0.30182342 0.05210583 0.13147793
1 0.13525918 0.25503839 0.02753780 0.10220729
1 0.44330454 0.21785029 0.04535637 0.07677543
1 0.54805616 0.26247601 0.05723542 0.08349328
1 0.61109611 0.20585413 0.04292657 0.07101727
4 0.26322894 0.40211132 0.05291577 0.07869482
4 0.82019438 0.18857965 0.05831533 0.09021113
2 0.66252700 0.71641075 0.06857451 0.16026871
2 0.84786717 0.68042226 0.06506479 0.12667946
2 0.36622570 0.77591171 0.07910367 0.07005758
2 0.38336933 0.32773512 0.07721382 0.18618042
0 0.76430886 0.50863724 0.26511879 0.98272553
0 0.25553456 0.61732246 0.23029158 0.75863724
