1 0.76450000 0.43561279 0.11600000 0.34191829
1 0.37950000 0.18339254 0.08600000 0.15541741
1 0.23475000 0.14609236 0.05650000 0.09147425
1 0.14650000 0.57415631 0.12900000 0.13410302
4 0.38150000 0.20337478 0.05000000 0.06039076
4 0.23500000 0.15186501 0.04000000 0.03552398
4 0.15875000 0.61190053 0.08950000 0.04795737
2 0.63800000 0.74245115 0.18300000 0.18117229
2 0.35775000 0.50666075 0.05050000 0.07726465
2 0.44350000 0.43960924 0.05000000 0.09946714
2 0.29650000 0.26998224 0.04900000 0.06039076
2 0.23600000 0.42406750 0.04600000 0.06483126
0 0.17100000 0.65008881 0.20800000 0.55239787
0 0.25350000 0.31305506 0.13500000 0.53907638
0 0.38700000 0.41163410 0.16100000 0.65097691
0 0.84300000 0.53241563 0.31400000 0.71136767
