4 0.54111842 0.31126412 0.05498120 0.05614407
4 0.43350564 0.38841808 0.03947368 0.04519774
4 0.27655075 0.37164548 0.03712406 0.03990113
4 0.90378289 0.43591102 0.03876880 0.04201977
3 0.43139098 0.35204802 0.04934211 0.03672316
3 0.54640508 0.27983757 0.08153195 0.03778249
3 0.89990602 0.40218927 0.04934211 0.05155367
3 0.11959586 0.32609463 0.05921053 0.07097458
2 0.47803102 0.51889124 0.07448308 0.05614407
2 0.48085056 0.56920904 0.04299812 0.09251412
2 0.88851034 0.45197740 0.02373120 0.08262712
2 0.93009868 0.54078390 0.04863722 0.09569209
2 0.29252820 0.68255650 0.05921053 0.12853107
2 0.16224154 0.66437147 0.03218985 0.08792373
0 0.08646617 0.54343220 0.16400376 0.55437853
0 0.22391917 0.62217514 0.15695489 0.64124294
0 0.29370301 0.55261299 0.12406015 0.57697740
0 0.41071429 0.57662429 0.13345865 0.67231638
0 0.53782895 0.54625706 0.13251880 0.69491525
0 0.76245301 0.58845339 0.10479323 0.58227401
0 0.88510338 0.67955508 0.17058271 0.64088983
