1 0.72171429 0.35591767 0.08342857 0.08747856
1 0.55714286 0.38850772 0.05371429 0.09433962
4 0.13600000 0.40909091 0.05257143 0.03945111
4 0.22800000 0.49656947 0.04000000 0.04288165
4 0.55200000 0.40994854 0.03657143 0.03087479
2 0.09485714 0.66123499 0.08685714 0.06003431
0 0.12000000 0.59948542 0.13485714 0.60548885
0 0.22457143 0.67066895 0.15200000 0.57289880
0 0.37371429 0.63550600 0.09828571 0.52658662
0 0.45200000 0.61492281 0.13371429 0.57461407
0 0.53257143 0.61406518 0.08228571 0.47341338
0 0.56857143 0.54030875 0.12457143 0.50428816
0 0.69428571 0.62092624 0.12228571 0.61749571
0 0.83771429 0.59519726 0.11428571 0.60720412
0 0.91428571 0.59777015 0.11200000 0.56432247
