1 0.43916667 0.32533733 0.06000000 0.10494753
1 0.35875000 0.36581709 0.05083333 0.08395802
1 0.27458333 0.35757121 0.04750000 0.10044978
1 0.14541667 0.35457271 0.05750000 0.10044978
4 0.44500000 0.35307346 0.05166667 0.07646177
4 0.76083333 0.13868066 0.04833333 0.09145427
2 0.42416667 0.62518741 0.08166667 0.11394303
2 0.49375000 0.59595202 0.06750000 0.07946027
0 0.18750000 0.59820090 0.23333333 0.72263868
0 0.13958333 0.57046477 0.10416667 0.61019490
0 0.28583333 0.59670165 0.09500000 0.63868066
0 0.35500000 0.56746627 0.09666667 0.65517241
0 0.45041667 0.58245877 0.12583333 0.70914543
