4 0.49277778 0.24444444 0.02111111 0.06666667
4 0.13722222 0.22000000 0.02555556 0.07111111
3 0.48166667 0.19444444 0.08111111 0.09555556
3 0.68666667 0.14888889 0.09777778 0.08444444
3 0.12388889 0.16666667 0.11666667 0.10666667
3 0.86000000 0.23444444 0.05333333 0.09555556
2 0.49444444 0.44333333 0.10222222 0.17111111
2 0.39222222 0.53666667 0.04222222 0.14444444
2 0.83055556 0.63555556 0.06111111 0.09333333
0 0.11000000 0.51333333 0.21777778 0.84000000
0 0.26000000 0.52777778 0.12666667 0.85111111
0 0.32111111 0.51666667 0.11555556 0.79333333
0 0.44722222 0.53444444 0.14333333 0.90444444
0 0.68055556 0.59555556 0.12777778 0.79111111
0 0.69666667 0.34222222 0.16000000 0.46666667
0 0.87111111 0.58222222 0.14666667 0.82666667
