1 0.11642857 0.41750000 0.07285714 0.12500000
1 0.47642857 0.42250000 0.06714286 0.10000000
1 0.60857143 0.42750000 0.06857143 0.10000000
1 0.77428571 0.43000000 0.08000000 0.11000000
1 0.28071429 0.48000000 0.07285714 0.12000000
4 0.11357143 0.43750000 0.04714286 0.06000000
4 0.28642857 0.51000000 0.03285714 0.06000000
4 0.35357143 0.51750000 0.03857143 0.04000000
4 0.48142857 0.42500000 0.04571429 0.05000000
4 0.61071429 0.44875000 0.05000000 0.03750000
4 0.77285714 0.44375000 0.05428571 0.04750000
3 0.11214286 0.38625000 0.08714286 0.06250000
3 0.28357143 0.47875000 0.05285714 0.05250000
3 0.35642857 0.49125000 0.05857143 0.05750000
3 0.47571429 0.39125000 0.06857143 0.07750000
3 0.60857143 0.41250000 0.04857143 0.04500000
3 0.77428571 0.41250000 0.06285714 0.04500000
2 0.02571429 0.74250000 0.05142857 0.11000000
2 0.19357143 0.70375000 0.07571429 0.12750000
2 0.25142857 0.73125000 0.09428571 0.09250000
2 0.33857143 0.69000000 0.06857143 0.08500000
2 0.40857143 0.67375000 0.06571429 0.10250000
2 0.53142857 0.64375000 0.05142857 0.07250000
2 0.67857143 0.66125000 0.05714286 0.11250000
2 0.71071429 0.67375000 0.05285714 0.10750000
2 0.83785714 0.70500000 0.05000000 0.09000000
0 0.11500000 0.60375000 0.18142857 0.63750000
0 0.25785714 0.58875000 0.14142857 0.54750000
0 0.35071429 0.59875000 0.08714286 0.48250000
0 0.48714286 0.58000000 0.12000000 0.54500000
0 0.60857143 0.64500000 0.14857143 0.63000000
0 0.78071429 0.66750000 0.15285714 0.62000000
