1 0.59500000 0.36031042 0.09750000 0.19290466
1 0.80062500 0.25720621 0.05625000 0.13303769
4 0.09375000 0.48226164 0.13000000 0.15299335
4 0.58875000 0.37804878 0.08750000 0.08647450
4 0.79937500 0.28713969 0.04875000 0.05986696
4 0.70812500 0.32815965 0.03875000 0.05764967
3 0.08312500 0.39800443 0.13125000 0.08647450
3 0.40312500 0.39135255 0.11125000 0.07760532
3 0.48687500 0.31042129 0.08875000 0.08425721
3 0.58625000 0.33481153 0.09250000 0.08869180
3 0.70562500 0.29600887 0.06125000 0.03769401
2 0.26812500 0.84368071 0.15375000 0.19733925
2 0.38000000 0.46784922 0.10250000 0.11973392
2 0.55375000 0.65521064 0.10250000 0.15742794
2 0.72500000 0.46895787 0.05750000 0.06873614
2 0.80562500 0.47006652 0.06625000 0.09756098
2 0.87125000 0.38913525 0.04750000 0.08203991
0 0.13812500 0.59090909 0.25375000 0.77383592
0 0.39875000 0.48780488 0.20250000 0.58093126
0 0.46625000 0.41019956 0.11750000 0.38137472
0 0.59312500 0.38802661 0.12875000 0.50110865
0 0.64875000 0.31818182 0.10500000 0.32594235
0 0.70562500 0.34589800 0.07125000 0.26607539
0 0.74875000 0.29490022 0.06000000 0.23059867
0 0.80937500 0.32705100 0.06875000 0.26829268
0 0.83250000 0.27827051 0.05250000 0.17073171
0 0.93687500 0.41685144 0.12375000 0.43902439
