4 0.46000000 0.30333333 0.03111111 0.05555556
4 0.38944444 0.54444444 0.06333333 0.06666667
4 0.64500000 0.70666667 0.08555556 0.11555556
4 0.72777778 0.75555556 0.04666667 0.08444444
4 0.16222222 0.52888889 0.06000000 0.06222222
4 0.51000000 0.30777778 0.02666667 0.03777778
2 0.20722222 0.67555556 0.05666667 0.06222222
2 0.37000000 0.45555556 0.04444444 0.08888889
2 0.50222222 0.59333333 0.06000000 0.13333333
2 0.38611111 0.69222222 0.04111111 0.08666667
2 0.33666667 0.66888889 0.08000000 0.07555556
0 0.17000000 0.62000000 0.16000000 0.46666667
0 0.05555556 0.61000000 0.11111111 0.33111111
0 0.30222222 0.82888889 0.23111111 0.34222222
0 0.40111111 0.70333333 0.16666667 0.59333333
0 0.44500000 0.45444444 0.08777778 0.51333333
0 0.51277778 0.41111111 0.11666667 0.35555556
0 0.52611111 0.70111111 0.13000000 0.48666667
0 0.62277778 0.39222222 0.11666667 0.34888889
0 0.63166667 0.75888889 0.14555556 0.47777778
0 0.73388889 0.76444444 0.12555556 0.39111111
0 0.84666667 0.85666667 0.09777778 0.28666667
0 0.93333333 0.68555556 0.11333333 0.47333333
0 0.80055556 0.52555556 0.10777778 0.36666667
0 0.69222222 0.48666667 0.10888889 0.26666667
0 0.74333333 0.33888889 0.07777778 0.25111111
