4 0.22888889 0.22444444 0.05777778 0.11555556
4 0.47388889 0.15333333 0.06777778 0.09777778
4 0.63888889 0.25000000 0.05111111 0.08666667
4 0.80833333 0.25000000 0.07666667 0.10000000
2 0.14555556 0.78333333 0.08666667 0.18000000
2 0.31611111 0.74444444 0.05000000 0.21777778
2 0.36111111 0.67555556 0.06444444 0.18222222
2 0.56222222 0.72777778 0.09111111 0.15777778
2 0.71555556 0.75444444 0.05777778 0.20222222
2 0.87888889 0.77777778 0.07111111 0.10222222
0 0.23444444 0.50888889 0.23333333 0.92888889
0 0.44722222 0.50444444 0.21222222 0.97777778
0 0.64277778 0.52111111 0.13444444 0.95777778
0 0.82888889 0.52888889 0.20444444 0.79555556
