1 0.19166667 0.25158730 0.12000000 0.22063492
1 0.43166667 0.21031746 0.12666667 0.22698413
4 0.20250000 0.26825397 0.10500000 0.12380952
4 0.43791667 0.22857143 0.09250000 0.10158730
4 0.76166667 0.34841270 0.07166667 0.14444444
4 0.74583333 0.14920635 0.04666667 0.06666667
2 0.63458333 0.62777778 0.07083333 0.26825397
2 0.68333333 0.87301587 0.08333333 0.19365079
2 0.95166667 0.70000000 0.04000000 0.27619048
2 0.32458333 0.91587302 0.08750000 0.13968254
2 0.05458333 0.90317460 0.07083333 0.19365079
0 0.17208333 0.53095238 0.31083333 0.92222222
0 0.45000000 0.50793651 0.28666667 0.98412698
0 0.82125000 0.52380952 0.33083333 0.94920635
