1 0.52388889 0.34333333 0.04111111 0.09555556
1 0.68722222 0.33444444 0.05000000 0.10000000
1 0.92111111 0.33111111 0.06666667 0.08888889
4 0.39944444 0.40333333 0.03666667 0.05111111
4 0.52944444 0.35222222 0.03444444 0.04222222
4 0.68722222 0.35000000 0.03444444 0.09111111
4 0.92777778 0.32888889 0.06000000 0.04444444
2 0.04000000 0.09333333 0.06222222 0.13333333
2 0.36666667 0.04777778 0.06666667 0.09555556
2 0.38944444 0.25000000 0.06333333 0.06000000
2 0.52277778 0.20222222 0.06111111 0.08000000
2 0.64277778 0.17555556 0.03666667 0.07555556
2 0.71833333 0.14000000 0.05888889 0.08000000
2 0.91722222 0.09333333 0.09222222 0.07111111
0 0.22222222 0.50000000 0.39333333 1.00000000
0 0.40222222 0.54111111 0.12222222 0.75333333
0 0.52166667 0.50888889 0.15000000 0.79111111
0 0.67166667 0.52000000 0.13888889 0.90666667
0 0.91333333 0.51000000 0.13333333 0.89111111
