1 0.20833333 0.18250000 0.10000000 0.14000000
1 0.36333333 0.20500000 0.09000000 0.13000000
1 0.51416667 0.20125000 0.08500000 0.15250000
1 0.75916667 0.20875000 0.08500000 0.16750000
4 0.37250000 0.21875000 0.05833333 0.06750000
4 0.52166667 0.19500000 0.05000000 0.07000000
4 0.75166667 0.21625000 0.04666667 0.05750000
4 0.20916667 0.19750000 0.05166667 0.07000000
4 0.14000000 0.18625000 0.05000000 0.05250000
2 0.06916667 0.38375000 0.06833333 0.08250000
2 0.29083333 0.53375000 0.09833333 0.18250000
2 0.38583333 0.46250000 0.09166667 0.14500000
2 0.52583333 0.35125000 0.08833333 0.16250000
2 0.63250000 0.48250000 0.02833333 0.14500000
2 0.75666667 0.32375000 0.08333333 0.21250000
0 0.15500000 0.51125000 0.25666667 0.89750000
0 0.36583333 0.50500000 0.19166667 0.94500000
0 0.54250000 0.50625000 0.14833333 0.91250000
0 0.74000000 0.53250000 0.16333333 0.93500000
