4 0.34453228 0.22985782 0.04347826 0.04265403
4 0.45059289 0.24407583 0.05797101 0.07109005
4 0.51976285 0.19431280 0.05138340 0.07582938
4 0.59552042 0.22511848 0.07378129 0.09004739
4 0.72727273 0.16113744 0.06587615 0.06161137
4 0.16205534 0.15639810 0.05006588 0.05213270
4 0.29776021 0.15521327 0.06851120 0.05924171
3 0.15942029 0.13151659 0.06587615 0.04976303
3 0.44268775 0.19194313 0.05797101 0.05687204
3 0.33992095 0.19668246 0.08168643 0.04265403
3 0.59683794 0.17772512 0.08695652 0.05687204
3 0.71607378 0.10426540 0.07246377 0.07582938
2 0.10276680 0.47511848 0.12384717 0.11611374
2 0.20553360 0.47867299 0.09749671 0.05687204
2 0.27602108 0.63151659 0.05928854 0.11611374
2 0.41238472 0.62677725 0.07641634 0.09241706
2 0.50592885 0.57109005 0.05797101 0.11374408
2 0.66864295 0.61729858 0.06982872 0.13507109
2 0.78985507 0.51895735 0.03820817 0.11848341
0 0.13965744 0.52488152 0.18708827 0.91232227
0 0.28326746 0.41232227 0.10013175 0.68720379
0 0.34716733 0.57109005 0.15942029 0.78199052
0 0.43610013 0.52725118 0.11857708 0.90284360
0 0.50724638 0.31872038 0.08959157 0.53791469
0 0.60540184 0.54857820 0.13570487 0.90284360
0 0.75428195 0.51066351 0.18313570 0.97867299
