1 0.17004049 0.13300000 0.11740891 0.07000000
1 0.34919028 0.12500000 0.10728745 0.07400000
1 0.59514170 0.11100000 0.09716599 0.07000000
1 0.86234818 0.13000000 0.10931174 0.08400000
2 0.07894737 0.60300000 0.11740891 0.14200000
2 0.30263158 0.56200000 0.06680162 0.12000000
2 0.45647773 0.47200000 0.06275304 0.08800000
2 0.72267206 0.59900000 0.11336032 0.11000000
2 0.93522267 0.62200000 0.08906883 0.10400000
0 0.17206478 0.47800000 0.28744939 0.94000000
0 0.35627530 0.39700000 0.19433198 0.73000000
0 0.58704453 0.41600000 0.23481781 0.72400000
0 0.86538462 0.49400000 0.24089069 0.89600000
