4 0.14615385 0.23875000 0.04923077 0.05750000
4 0.43692308 0.23750000 0.05538462 0.05500000
4 0.60615385 0.21375000 0.06769231 0.07750000
4 0.88230769 0.23250000 0.06307692 0.08000000
2 0.09230769 0.47625000 0.10769231 0.13750000
2 0.25076923 0.55375000 0.08923077 0.16750000
2 0.36692308 0.44000000 0.08153846 0.12000000
2 0.45307692 0.48125000 0.05076923 0.13250000
2 0.65000000 0.41250000 0.09692308 0.14500000
2 0.79153846 0.60500000 0.06307692 0.20500000
2 0.91538462 0.36625000 0.07692308 0.08250000
0 0.14307692 0.53125000 0.28615385 0.91250000
0 0.40692308 0.52250000 0.19538462 0.95000000
0 0.58230769 0.53750000 0.17692308 0.92000000
0 0.87692308 0.54250000 0.21846154 0.91000000
