4 0.43958333 0.35555556 0.07583333 0.07111111
4 0.31916667 0.37481481 0.08833333 0.08592593
4 0.72916667 0.39481481 0.07500000 0.08444444
3 0.72875000 0.35629630 0.07583333 0.08444444
3 0.44583333 0.32074074 0.07166667 0.06962963
2 0.21958333 0.54296296 0.04750000 0.10518519
2 0.28750000 0.55111111 0.05166667 0.12148148
2 0.35833333 0.54222222 0.04000000 0.14222222
2 0.40166667 0.50370370 0.06166667 0.07111111
2 0.68916667 0.58444444 0.07000000 0.09629630
0 0.27666667 0.49185185 0.21166667 0.56000000
0 0.42416667 0.48000000 0.17666667 0.57185185
0 0.70916667 0.57555556 0.23000000 0.66222222
