1 0.41750000 0.41219512 0.06166667 0.14634146
1 0.64583333 0.39146341 0.07500000 0.12926829
1 0.09166667 0.39634146 0.06333333 0.10975610
4 0.08000000 0.41219512 0.04666667 0.05365854
4 0.65250000 0.42073171 0.05833333 0.06585366
4 0.95500000 0.39390244 0.05666667 0.04634146
2 0.04416667 0.64024390 0.03833333 0.12926829
2 0.13000000 0.64756098 0.08000000 0.04634146
2 0.27666667 0.75000000 0.07666667 0.07560976
2 0.37333333 0.64634146 0.07000000 0.13170732
2 0.45333333 0.64390244 0.06333333 0.10731707
2 0.58833333 0.61829268 0.05333333 0.16341463
2 0.70583333 0.53170732 0.05500000 0.07804878
2 0.86583333 0.42804878 0.05833333 0.08536585
0 0.09916667 0.59756098 0.19833333 0.62439024
0 0.25250000 0.70365854 0.23166667 0.45121951
0 0.39916667 0.59634146 0.16500000 0.60731707
0 0.66833333 0.58780488 0.21666667 0.63414634
0 0.87583333 0.60731707 0.24833333 0.61463415
