4 0.14093750 0.25833333 0.12312500 0.11222222
4 0.33281250 0.24500000 0.09187500 0.08333333
4 0.49343750 0.24222222 0.08187500 0.12888889
4 0.59625000 0.22277778 0.06125000 0.11000000
4 0.75875000 0.30555556 0.07750000 0.07555556
2 0.05187500 0.78055556 0.09625000 0.13888889
2 0.19812500 0.75722222 0.08750000 0.15000000
2 0.40375000 0.74888889 0.12875000 0.18000000
2 0.51218750 0.67833333 0.09187500 0.15666667
2 0.61093750 0.70555556 0.07687500 0.12000000
2 0.65062500 0.74500000 0.06125000 0.15666667
2 0.79937500 0.84166667 0.05750000 0.17000000
0 0.12187500 0.57333333 0.20000000 0.85333333
0 0.33906250 0.54222222 0.22812500 0.91555556
0 0.59125000 0.55166667 0.18625000 0.89666667
0 0.77437500 0.55000000 0.24875000 0.90000000
