4 0.34550000 0.37181409 0.10100000 0.13493253
4 0.56950000 0.42653673 0.10100000 0.08545727
4 0.73900000 0.40029985 0.08400000 0.09295352
4 0.84200000 0.39955022 0.07000000 0.09745127
2 0.06750000 0.22713643 0.09500000 0.19340330
2 0.59100000 0.58170915 0.09800000 0.22788606
2 0.72900000 0.50000000 0.08200000 0.20239880
2 0.85200000 0.50374813 0.11400000 0.16491754
0 0.26700000 0.57571214 0.44400000 0.82758621
0 0.56050000 0.64617691 0.27300000 0.70464768
0 0.74650000 0.58695652 0.18500000 0.82608696
0 0.89800000 0.65292354 0.19200000 0.69415292
