4 0.81698113 0.29980469 0.10817610 0.06640625
4 0.55566038 0.29003906 0.06226415 0.03710938
4 0.42578616 0.27221680 0.04150943 0.02392578
4 0.24559748 0.25292969 0.03962264 0.03027344
1 0.82735849 0.27929688 0.10000000 0.15234375
1 0.54496855 0.29345703 0.12767296 0.10937500
1 0.41855346 0.27270508 0.09496855 0.11669922
1 0.22924528 0.09228516 0.06226415 0.13183594
2 0.44088050 0.64794922 0.05534591 0.06152344
2 0.68333333 0.62377930 0.05597484 0.07177734
2 0.25062893 0.60351562 0.06352201 0.06347656
2 0.68459119 0.48242188 0.06352201 0.05957031
2 0.78742138 0.48022461 0.03396226 0.02880859
