4 0.13525391 0.18970862 0.06933594 0.07687539
4 0.56127930 0.20954743 0.06201172 0.07563546
4 0.81054688 0.15902046 0.07226562 0.08369498
1 0.56054688 0.19094854 0.08105469 0.12399256
1 0.80273438 0.13298202 0.09472656 0.13825170
1 0.35888672 0.25852449 0.07519531 0.07191569
2 0.69213867 0.30626162 0.04833984 0.05951643
2 0.65112305 0.33075015 0.06689453 0.07997520
2 0.50292969 0.40514569 0.07324219 0.08493490
2 0.37622070 0.37817731 0.07666016 0.08307502
2 0.34667969 0.30533168 0.08300781 0.08369498
