4 0.06708333 0.19062500 0.03916667 0.03625000
4 0.10000000 0.18437500 0.02500000 0.02375000
4 0.14875000 0.17875000 0.04250000 0.04250000
4 0.22583333 0.18250000 0.04500000 0.04500000
4 0.30500000 0.17312500 0.05666667 0.05875000
4 0.40583333 0.13250000 0.04500000 0.04250000
4 0.51958333 0.20750000 0.06250000 0.06250000
4 0.63625000 0.21125000 0.04750000 0.07750000
4 0.71708333 0.17125000 0.05250000 0.05500000
4 0.85666667 0.18187500 0.07333333 0.10125000
2 0.86291667 0.61875000 0.07916667 0.11750000
2 0.78458333 0.57062500 0.05250000 0.11375000
2 0.65583333 0.57375000 0.06500000 0.10000000
2 0.57291667 0.54312500 0.04416667 0.09125000
2 0.54166667 0.49000000 0.07500000 0.09250000
2 0.45375000 0.47000000 0.07916667 0.09000000
2 0.37083333 0.41375000 0.06333333 0.07750000
2 0.27000000 0.43062500 0.07000000 0.07125000
2 0.19208333 0.38500000 0.03250000 0.11750000
2 0.13291667 0.39750000 0.03583333 0.05500000
0 0.88791667 0.51687500 0.20583333 0.93625000
0 0.75208333 0.46687500 0.15916667 0.87875000
0 0.62916667 0.43000000 0.14000000 0.72250000
0 0.52541667 0.39250000 0.14250000 0.77500000
0 0.42416667 0.43625000 0.11500000 0.78250000
0 0.33875000 0.40250000 0.14916667 0.66750000
0 0.24958333 0.39625000 0.15250000 0.64500000
0 0.18750000 0.36750000 0.12833333 0.57250000
0 0.11708333 0.33500000 0.07250000 0.51000000
0 0.06500000 0.33937500 0.06666667 0.52625000
