4 0.48687500 0.33002481 0.05375000 0.08436725
4 0.63500000 0.29032258 0.03250000 0.07444169
4 0.19500000 0.31885856 0.03750000 0.05210918
4 0.04750000 0.26799007 0.03750000 0.04962779
4 0.12062500 0.21960298 0.02625000 0.04218362
4 0.15062500 0.24317618 0.02125000 0.02481390
4 0.73625000 0.29652605 0.02250000 0.03225806
4 0.69125000 0.26550868 0.01500000 0.02977667
4 0.84187500 0.34739454 0.02875000 0.05459057
4 0.95750000 0.46898263 0.04000000 0.08436725
4 0.42687500 0.23200993 0.03875000 0.04218362
1 0.63312500 0.27543424 0.06125000 0.14392060
1 0.19750000 0.30769231 0.05500000 0.12406948
0 0.18937500 0.60669975 0.19375000 0.78163772
0 0.62875000 0.56079404 0.16250000 0.78411911
