4 0.23852539 0.25564516 0.05126953 0.07419355
4 0.30468750 0.32298387 0.03906250 0.06854839
4 0.37695312 0.36854839 0.03417969 0.05483871
4 0.42041016 0.40887097 0.02050781 0.04032258
4 0.48217773 0.41250000 0.02294922 0.03306452
4 0.52832031 0.53790323 0.04003906 0.03870968
4 0.53588867 0.42016129 0.02783203 0.03709677
4 0.58618164 0.42016129 0.02587891 0.03709677
4 0.61596680 0.41693548 0.02099609 0.03709677
4 0.65893555 0.38024194 0.03173828 0.05725806
4 0.72167969 0.27016129 0.03906250 0.06774194
4 0.77124023 0.17298387 0.05224609 0.09919355
2 0.51782227 0.62217742 0.02783203 0.06693548
2 0.54174805 0.72580645 0.02294922 0.05322581
2 0.94335938 0.67419355 0.08105469 0.19677419
2 0.70141602 0.42217742 0.03857422 0.11370968
2 0.45605469 0.47862903 0.04785156 0.07661290
2 0.31030273 0.47580645 0.03759766 0.10483871
2 0.12255859 0.72379032 0.07519531 0.10887097
2 0.30786133 0.47500000 0.02978516 0.10483871
2 0.33740234 0.46209677 0.03906250 0.09677419
2 0.39062500 0.49717742 0.02636719 0.07177419
2 0.44995117 0.49879032 0.03857422 0.05241935
2 0.46826172 0.46935484 0.02246094 0.06290323
2 0.58447266 0.50241935 0.02636719 0.07419355
2 0.61669922 0.51733871 0.01953125 0.06854839
2 0.55517578 0.46612903 0.01562500 0.02903226
2 0.52075195 0.46491935 0.02587891 0.04435484
0 0.85791016 0.52298387 0.28417969 0.93629032
0 0.15014648 0.56451613 0.27392578 0.87096774
0 0.28588867 0.61088710 0.11572266 0.77822581
0 0.37109375 0.63709677 0.06933594 0.71129032
0 0.41845703 0.60604839 0.04589844 0.58629032
0 0.47070312 0.61693548 0.06933594 0.53225806
0 0.57714844 0.63266129 0.04296875 0.54435484
0 0.61401367 0.63870968 0.04833984 0.57419355
0 0.66967773 0.64072581 0.07275391 0.67500000
0 0.74511719 0.59596774 0.11328125 0.80806452
