4 0.54550000 0.24916667 0.07100000 0.08500000
4 0.90750000 0.37916667 0.05500000 0.05500000
3 0.41650000 0.28333333 0.08100000 0.09666667
3 0.53150000 0.21333333 0.09900000 0.04666667
3 0.75700000 0.29333333 0.07800000 0.03666667
3 0.88500000 0.34750000 0.11000000 0.05166667
3 0.25650000 0.26000000 0.07300000 0.08333333
3 0.07750000 0.26833333 0.10900000 0.06666667
2 0.14550000 0.67000000 0.04500000 0.14000000
2 0.28150000 0.66833333 0.08500000 0.09333333
2 0.46450000 0.54833333 0.09900000 0.13666667
0 0.08250000 0.54666667 0.15900000 0.73333333
0 0.21300000 0.61000000 0.14000000 0.77000000
0 0.27650000 0.55166667 0.13900000 0.77333333
0 0.41500000 0.57916667 0.16800000 0.76833333
0 0.55900000 0.52583333 0.20400000 0.79500000
0 0.79300000 0.58250000 0.15600000 0.81166667
0 0.91650000 0.61750000 0.16300000 0.75166667
