4 0.15388889 0.45559503 0.05888889 0.08703375
4 0.27555556 0.34902309 0.06666667 0.09058615
4 0.40444444 0.39342806 0.05111111 0.05861456
4 0.58500000 0.13321492 0.05444444 0.07460036
4 0.66833333 0.34103020 0.05444444 0.05683837
4 0.80388889 0.29840142 0.06333333 0.09591474
2 0.91944444 0.84991119 0.05666667 0.10479574
2 0.76222222 0.78863233 0.05111111 0.09946714
2 0.53777778 0.53019538 0.04000000 0.06571936
2 0.53555556 0.38809947 0.03555556 0.07992895
2 0.52611111 0.44227353 0.04111111 0.06394316
2 0.52944444 0.48401421 0.03888889 0.05861456
2 0.49555556 0.50532860 0.04000000 0.09058615
2 0.45333333 0.58081705 0.03777778 0.06039076
2 0.04166667 0.39342806 0.04333333 0.11545293
2 0.35111111 0.82326821 0.04222222 0.05506217
