4 0.22200000 0.20914543 0.04800000 0.07646177
4 0.45950000 0.25487256 0.07500000 0.03298351
4 0.55850000 0.22788606 0.07500000 0.10194903
4 0.83800000 0.23838081 0.08600000 0.08095952
2 0.15550000 0.51949025 0.05100000 0.08245877
2 0.31950000 0.53073463 0.08500000 0.12893553
2 0.62000000 0.58095952 0.05600000 0.10644678
2 0.48450000 0.59820090 0.08100000 0.14692654
2 0.77250000 0.51349325 0.08700000 0.10944528
2 0.90700000 0.50674663 0.04800000 0.08095952
0 0.25300000 0.50824588 0.22000000 0.83958021
0 0.44300000 0.39955022 0.16200000 0.64317841
0 0.55200000 0.54647676 0.21000000 0.90704648
0 0.85450000 0.48725637 0.20700000 0.82458771
