4 0.34000000 0.46937500 0.16333333 0.10375000
4 0.54875000 0.37812500 0.13416667 0.09875000
4 0.79833333 0.41062500 0.11500000 0.11375000
4 0.50000000 0.71500000 0.12500000 0.16250000
3 0.50708333 0.60812500 0.20750000 0.13375000
3 0.55500000 0.29312500 0.16000000 0.16375000
3 0.81291667 0.33062500 0.22583333 0.14125000
3 0.34250000 0.41250000 0.17666667 0.16000000
0 0.23291667 0.43562500 0.33916667 0.54875000
0 0.47583333 0.65750000 0.28166667 0.44000000
0 0.50041667 0.43375000 0.37916667 0.71750000
0 0.83125000 0.36437500 0.33750000 0.59375000
