4 0.37583333 0.43937500 0.07500000 0.07375000
4 0.63375000 0.39375000 0.05083333 0.10250000
4 0.92666667 0.38812500 0.07833333 0.06625000
2 0.27958333 0.38000000 0.06083333 0.08750000
2 0.34458333 0.58812500 0.10083333 0.06625000
2 0.60208333 0.59000000 0.04916667 0.15250000
2 0.70083333 0.59875000 0.04833333 0.11500000
2 0.94625000 0.61812500 0.07250000 0.12625000
0 0.26625000 0.37875000 0.20750000 0.41750000
0 0.38666667 0.56500000 0.18333333 0.53500000
0 0.67708333 0.57500000 0.28250000 0.51500000
0 0.89541667 0.49750000 0.20916667 0.41750000
