4 0.00625000 0.51555556 0.01250000 0.04888889
4 0.04000000 0.47111111 0.01750000 0.04444444
4 0.30000000 0.31888889 0.05750000 0.11777778
4 0.56625000 0.44888889 0.04500000 0.07555556
4 0.79812500 0.39000000 0.03875000 0.05111111
2 0.34500000 0.85444444 0.05500000 0.10444444
2 0.48125000 0.75333333 0.04250000 0.04000000
2 0.53687500 0.78888889 0.06625000 0.10222222
2 0.65562500 0.97333333 0.05125000 0.04888889
2 0.91875000 0.93000000 0.05750000 0.13111111
2 0.74687500 0.85000000 0.03875000 0.12222222
3 0.30937500 0.27888889 0.08375000 0.10000000
3 0.56875000 0.40777778 0.06250000 0.05111111
3 0.79250000 0.34888889 0.05250000 0.04444444
0 0.22937500 0.57000000 0.23625000 0.85555556
0 0.05812500 0.68222222 0.10375000 0.62222222
0 0.56312500 0.73333333 0.19875000 0.52444444
0 0.84625000 0.61000000 0.24250000 0.76666667
