4 0.12160567 0.09911504 0.04014168 0.05663717
4 0.21369540 0.09911504 0.03305785 0.03893805
4 0.32231405 0.12212389 0.02125148 0.02831858
4 0.42266824 0.13539823 0.03305785 0.03008850
3 0.21664699 0.08495575 0.03659976 0.02477876
3 0.42148760 0.12123894 0.04014168 0.03362832
1 0.21487603 0.08761062 0.05667060 0.09734513
1 0.42502952 0.12035398 0.04722550 0.08495575
2 0.17178276 0.17345133 0.07438017 0.07079646
2 0.20897285 0.19646018 0.04722550 0.05309735
2 0.22136954 0.23008850 0.03896104 0.05663717
0 0.09268005 0.16017699 0.18536009 0.32035398
0 0.21546635 0.17699115 0.09799292 0.28318584
0 0.34533648 0.17876106 0.23494687 0.28318584
0 0.43329398 0.14513274 0.05903188 0.14513274
