4 0.20564516 0.23814655 0.13387097 0.14870690
4 0.45725806 0.22198276 0.08870968 0.07758621
4 0.57419355 0.22306034 0.09677419 0.09698276
3 0.17741935 0.15732759 0.09032258 0.08620690
3 0.59354839 0.19181034 0.10645161 0.07327586
2 0.06935484 0.58728448 0.07096774 0.10129310
2 0.23225806 0.25323276 0.04516129 0.06250000
2 0.45483871 0.24568966 0.06129032 0.14224138
2 0.62419355 0.45258621 0.06774194 0.12500000
0 0.19032258 0.55172414 0.30967742 0.89224138
0 0.60080645 0.56357759 0.18870968 0.83836207
0 0.43951613 0.44288793 0.20161290 0.72629310
0 0.82419355 0.49030172 0.18709677 0.73491379
