2 0.56625000 0.78048780 0.05750000 0.11086475
2 0.24875000 0.54656319 0.08250000 0.15299335
2 0.38312500 0.37028825 0.04375000 0.09312639
2 0.58312500 0.23170732 0.04375000 0.08647450
2 0.54562500 0.26829268 0.02375000 0.07538803
2 0.44562500 0.23059867 0.03375000 0.06651885
2 0.47312500 0.28270510 0.02875000 0.03325942
4 0.44625000 0.67738359 0.06500000 0.08203991
4 0.13062500 0.10864745 0.08375000 0.12416851
4 0.30062500 0.16740576 0.06125000 0.08203991
4 0.46812500 0.14634146 0.03625000 0.04878049
4 0.57187500 0.11751663 0.03875000 0.05764967
4 0.43625000 0.41130820 0.03750000 0.06873614
1 0.30312500 0.13858093 0.10875000 0.15742794
1 0.57437500 0.07649667 0.07625000 0.14412417
1 0.46812500 0.14190687 0.05875000 0.11086475
0 0.10750000 0.51662971 0.21500000 0.72283814
0 0.27437500 0.53658537 0.17875000 0.70066519
0 0.46250000 0.78270510 0.27750000 0.20399113
0 0.58750000 0.35144124 0.13750000 0.43237251
0 0.45937500 0.22949002 0.13125000 0.11751663
