4 0.64761905 0.41853933 0.03492063 0.03932584
4 0.53015873 0.37780899 0.03492063 0.01404494
4 0.50952381 0.31601124 0.02539683 0.03089888
4 0.68492063 0.34691011 0.03015873 0.05337079
4 0.76269841 0.34550562 0.03968254 0.05617978
4 0.82777778 0.37500000 0.04285714 0.04775281
4 0.80793651 0.49297753 0.05714286 0.06460674
4 0.92063492 0.44382022 0.03809524 0.05056180
4 0.60238095 0.27949438 0.02698413 0.04775281
4 0.48571429 0.28651685 0.03809524 0.03370787
4 0.38650794 0.28089888 0.04285714 0.03370787
4 0.37142857 0.24438202 0.01904762 0.04494382
4 0.44603175 0.21629213 0.03174603 0.04494382
4 0.47301587 0.22752809 0.02539683 0.03932584
0 0.80793651 0.69943820 0.11111111 0.60112360
0 0.92380952 0.58005618 0.11746032 0.59831461
0 0.63333333 0.60955056 0.14285714 0.60112360
0 0.51666667 0.51404494 0.09682540 0.43258427
0 0.39285714 0.39466292 0.12539683 0.37921348
0 0.28650794 0.37078652 0.09682540 0.31460674
0 0.21587302 0.32584270 0.07301587 0.24719101
0 0.15793651 0.25000000 0.08730159 0.24157303
