3 0.26958333 0.23625000 0.09250000 0.03750000
3 0.48625000 0.22156250 0.09416667 0.02812500
3 0.73083333 0.22031250 0.09833333 0.03312500
4 0.26708333 0.25437500 0.06083333 0.02500000
4 0.49583333 0.25531250 0.07666667 0.04812500
4 0.72833333 0.24343750 0.06666667 0.03562500
1 0.26583333 0.24062500 0.14166667 0.10875000
1 0.48958333 0.23968750 0.13750000 0.10437500
1 0.73458333 0.23343750 0.15916667 0.11312500
2 0.16208333 0.29750000 0.12083333 0.07000000
2 0.36500000 0.33031250 0.12666667 0.05062500
2 0.61166667 0.32031250 0.10000000 0.09437500
0 0.22041667 0.49343750 0.26583333 0.61437500
0 0.48541667 0.48812500 0.28250000 0.64750000
0 0.70791667 0.52406250 0.33750000 0.77062500
