3 0.11203704 0.21463816 0.05740741 0.04440789
4 0.11296296 0.27631579 0.07777778 0.09539474
2 0.03055556 0.84539474 0.05185185 0.11513158
2 0.20000000 0.78947368 0.03703704 0.11842105
2 0.36157407 0.90213816 0.05833333 0.10032895
2 0.53888889 0.85608553 0.05000000 0.13322368
2 0.73750000 0.81250000 0.03981481 0.15460526
2 0.79861111 0.82154605 0.05277778 0.13980263
2 0.98148148 0.81907895 0.03333333 0.13486842
3 0.45925926 0.21792763 0.05000000 0.03782895
4 0.45648148 0.28453947 0.05740741 0.09539474
4 0.65601852 0.28289474 0.04537037 0.08552632
4 0.93472222 0.14638158 0.04537037 0.11513158
4 0.71111111 0.23766447 0.01666667 0.03125000
4 0.23981481 0.21134868 0.03333333 0.04111842
0 0.11435185 0.55838816 0.22870370 0.87335526
0 0.39675926 0.55838816 0.21944444 0.87335526
0 0.62361111 0.54769737 0.26944444 0.90131579
0 0.87870370 0.49753289 0.23703704 0.99506579
