3 0.64305556 0.30625000 0.13611111 0.08750000
3 0.81805556 0.29375000 0.12500000 0.10416667
4 0.63611111 0.37083333 0.11111111 0.12500000
4 0.82638889 0.36458333 0.10833333 0.12916667
2 0.65833333 0.60625000 0.13333333 0.15416667
2 0.59166667 0.83333333 0.12222222 0.10000000
2 0.81527778 0.63541667 0.13611111 0.20416667
1 0.64027778 0.32083333 0.16944444 0.25833333
1 0.82916667 0.31250000 0.18055556 0.29166667
0 0.57777778 0.53958333 0.36111111 0.91250000
0 0.85694444 0.53750000 0.28055556 0.91666667
