2 0.32708333 0.52941176 0.13229167 0.21139706
2 0.27968750 0.46599265 0.05520833 0.12316176
2 0.41432292 0.39108456 0.17239583 0.22334559
3 0.24661458 0.32077206 0.08489583 0.10110294
3 0.44661458 0.26286765 0.10781250 0.09742647
4 0.25677083 0.34972426 0.05208333 0.07996324
4 0.45182292 0.29825368 0.08177083 0.09099265
1 0.23984375 0.35753676 0.13489583 0.29779412
0 0.22447917 0.39016544 0.13958333 0.54319853
0 0.38020833 0.36718750 0.23958333 0.58915441
0 0.49791667 0.34466912 0.21666667 0.63419118
