3 0.40250000 0.23968254 0.08500000 0.07619048
3 0.52208333 0.30396825 0.07916667 0.05555556
3 0.68833333 0.30476190 0.08333333 0.09841270
4 0.40125000 0.18412698 0.06416667 0.04444444
4 0.52125000 0.23412698 0.06750000 0.09682540
4 0.70208333 0.24365079 0.07083333 0.11904762
2 0.25583333 0.91190476 0.06166667 0.17301587
2 0.58416667 0.87380952 0.04166667 0.14761905
2 0.73458333 0.93333333 0.06250000 0.12698413
0 0.33583333 0.49761905 0.23833333 0.99523810
0 0.53833333 0.51428571 0.16333333 0.94285714
0 0.70458333 0.51984127 0.28083333 0.95396825
