3 0.27302632 0.40236686 0.10131579 0.11045365
3 0.51250000 0.38362919 0.11973684 0.10059172
3 0.81118421 0.37573964 0.06973684 0.07297830
4 0.24276316 0.54733728 0.13026316 0.22287968
4 0.50526316 0.48816568 0.10789474 0.14003945
4 0.77236842 0.44181460 0.06315789 0.08678501
1 0.25657895 0.47041420 0.22368421 0.45956607
1 0.51776316 0.42110454 0.18289474 0.28205128
1 0.79539474 0.41222880 0.11184211 0.24457594
2 0.65197368 0.57199211 0.14342105 0.18145957
2 0.84868421 0.56213018 0.08684211 0.13806706
2 0.88223684 0.64003945 0.05921053 0.12031558
0 0.16052632 0.56213018 0.32105263 0.87179487
0 0.49078947 0.63412229 0.33947368 0.72386588
0 0.73157895 0.61932939 0.24473684 0.74556213
