4 0.19375000 0.15416667 0.07500000 0.11388889
4 0.54062500 0.28750000 0.06250000 0.09722222
4 0.76015625 0.27500000 0.07031250 0.10000000
4 0.82343750 0.31527778 0.05000000 0.11944444
4 0.91953125 0.31666667 0.02968750 0.06111111
2 0.27968750 0.58750000 0.06250000 0.19166667
2 0.59843750 0.61388889 0.06562500 0.06111111
2 0.45703125 0.56666667 0.07343750 0.10555556
2 0.76484375 0.75555556 0.07656250 0.21111111
2 0.87500000 0.66944444 0.05312500 0.15000000
0 0.18046875 0.49722222 0.32031250 0.90555556
0 0.51171875 0.56111111 0.21718750 0.77777778
0 0.70000000 0.54444444 0.16250000 0.91111111
0 0.83359375 0.59861111 0.13281250 0.80277778
0 0.92187500 0.58750000 0.09375000 0.75833333
