4 0.11219947 0.37082777 0.06233304 0.08477971
4 0.26780944 0.35580774 0.07791630 0.06675567
4 0.49154052 0.35380507 0.05520926 0.06275033
2 0.23909172 0.57142857 0.06589492 0.06008011
2 0.14336598 0.61248331 0.03116652 0.01668892
2 0.17898486 0.63818425 0.05164737 0.06408545
2 0.33771149 0.52570093 0.05031167 0.06074766
2 0.38869101 0.54873164 0.06678540 0.08144192
0 0.08815672 0.56842457 0.17542297 0.45327103
0 0.46682992 0.42890521 0.12600178 0.17022697
3 0.46527159 0.31041389 0.08014248 0.05473965
