2 0.25664336 0.58471074 0.03776224 0.09504132
2 0.05804196 0.32644628 0.04055944 0.06611570
2 0.69650350 0.53409091 0.03636364 0.07644628
2 0.51888112 0.58471074 0.02517483 0.06198347
2 0.40069930 0.48553719 0.02937063 0.05785124
4 0.14265734 0.20247934 0.04755245 0.06198347
4 0.47762238 0.22004132 0.03496503 0.05165289
4 0.59160839 0.25000000 0.03636364 0.04958678
3 0.58881119 0.21694215 0.04475524 0.02892562
0 0.15104895 0.51342975 0.26013986 0.84090909
0 0.61468531 0.52995868 0.21678322 0.76652893
