3 0.20473373 0.20000000 0.07573964 0.06363636
3 0.37455621 0.09545455 0.05325444 0.04545455
3 0.59704142 0.12727273 0.06035503 0.05909091
3 0.90000000 0.12500000 0.02958580 0.05000000
4 0.20591716 0.26477273 0.07337278 0.08409091
4 0.37573964 0.15454545 0.05325444 0.08181818
4 0.59822485 0.17613636 0.05798817 0.07954545
4 0.89704142 0.20000000 0.04260355 0.10909091
2 0.07633136 0.89204545 0.04142012 0.17954545
2 0.31301775 0.91250000 0.04852071 0.16136364
2 0.43372781 0.50795455 0.04615385 0.11590909
2 0.60414201 0.39318182 0.06745562 0.09545455
2 0.69822485 0.95795455 0.05443787 0.07500000
2 0.95562130 0.75227273 0.06272189 0.08181818
0 0.18816568 0.52159091 0.26272189 0.94772727
0 0.37218935 0.49886364 0.21420118 0.99318182
0 0.57100592 0.50681818 0.19289941 0.98181818
0 0.82307692 0.49886364 0.33491124 0.98409091
