2 0.19293111 0.62034814 0.06798739 0.09063625
2 0.26744710 0.89795918 0.07744259 0.11164466
2 0.51170644 0.60114046 0.08869878 0.09183673
2 0.82237731 0.42316927 0.04277353 0.05642257
2 0.87145430 0.41536615 0.06618640 0.08043217
4 0.70351193 0.19867947 0.05357947 0.08283313
4 0.09882936 0.26500600 0.09049977 0.08823529
4 0.42458352 0.35774310 0.10625844 0.09363745
4 0.91625394 0.22869148 0.06393516 0.05642257
0 0.15893742 0.53841537 0.30886988 0.92196879
0 0.47253489 0.56842737 0.40747411 0.84873950
0 0.70463755 0.47659064 0.25303917 0.84753902
0 0.88361099 0.53451381 0.22197208 0.91176471
