3 0.20650888 0.20227273 0.07218935 0.05909091
3 0.37810651 0.09886364 0.05798817 0.04772727
3 0.59940828 0.13068182 0.04852071 0.04318182
3 0.89940828 0.12613636 0.02840237 0.05681818
4 0.20414201 0.25795455 0.06508876 0.07954545
4 0.37633136 0.16022727 0.05207101 0.08409091
4 0.59763314 0.17613636 0.05207101 0.07500000
4 0.89644970 0.20568182 0.03668639 0.09318182
2 0.07396450 0.88977273 0.03905325 0.18409091
2 0.31183432 0.89431818 0.04615385 0.19318182
2 0.43017751 0.50113636 0.04378698 0.10681818
2 0.60236686 0.39318182 0.07337278 0.09090909
2 0.95739645 0.74545455 0.05680473 0.07272727
2 0.69704142 0.93750000 0.05680473 0.12045455
0 0.20059172 0.52500000 0.28520710 0.94090909
0 0.37514793 0.50000000 0.21065089 0.99545455
0 0.57041420 0.50454545 0.19644970 0.97727273
0 0.82485207 0.49886364 0.33372781 0.98863636
