2 0.59175258 0.75457875 0.11546392 0.18315018
2 0.67525773 0.73076923 0.06391753 0.12820513
2 0.84432990 0.60439560 0.08453608 0.12454212
4 0.22474227 0.57142857 0.11134021 0.20512821
4 0.33917526 0.36630037 0.05979381 0.16117216
4 0.68350515 0.19413919 0.09690722 0.14652015
3 0.23917526 0.42673993 0.06597938 0.08424908
3 0.70309278 0.13003663 0.10721649 0.09157509
0 0.25463918 0.54395604 0.50927835 0.91208791
0 0.28659794 0.40476190 0.16494845 0.72893773
0 0.64742268 0.35347985 0.37525773 0.69963370
