4 0.14083333 0.18000000 0.03833333 0.04000000
1 0.13583333 0.17625000 0.05833333 0.08750000
1 0.20250000 0.19250000 0.07833333 0.14500000
1 0.36833333 0.21125000 0.07666667 0.11750000
1 0.52333333 0.21250000 0.06666667 0.14000000
1 0.75750000 0.21125000 0.08166667 0.15250000
4 0.20583333 0.19375000 0.04500000 0.06250000
4 0.36916667 0.22250000 0.04166667 0.06500000
4 0.52166667 0.20125000 0.03000000 0.04250000
4 0.75083333 0.21125000 0.03500000 0.04750000
2 0.06916667 0.37750000 0.03833333 0.05000000
2 0.10916667 0.23750000 0.03500000 0.10000000
2 0.28083333 0.52250000 0.03833333 0.13000000
2 0.35500000 0.43750000 0.04333333 0.06000000
2 0.38250000 0.47125000 0.04500000 0.05750000
2 0.52666667 0.31000000 0.06666667 0.08500000
2 0.63416667 0.49000000 0.03500000 0.09000000
2 0.45083333 0.47000000 0.03500000 0.07000000
2 0.75083333 0.28375000 0.03500000 0.10250000
0 0.17916667 0.51500000 0.21833333 0.87000000
0 0.10250000 0.22375000 0.12833333 0.29250000
0 0.37166667 0.52875000 0.16666667 0.82750000
0 0.55000000 0.51375000 0.19333333 0.83750000
0 0.73500000 0.52250000 0.21000000 0.82500000
