2 0.42571885 0.59275053 0.10702875 0.10234542
2 0.27476038 0.21002132 0.07667732 0.10874200
2 0.60942492 0.46375267 0.12300319 0.09168443
2 0.65734824 0.85607676 0.02715655 0.12153518
3 0.76996805 0.26332623 0.08626198 0.06609808
3 0.52795527 0.17270789 0.10702875 0.06396588
4 0.53674121 0.21535181 0.07987220 0.09381663
4 0.76437700 0.31023454 0.06230032 0.09594883
1 0.53674121 0.19189765 0.12460064 0.22174840
1 0.75718850 0.28678038 0.14376997 0.24946695
0 0.44249201 0.46908316 0.42492013 0.87420043
0 0.78115016 0.54904051 0.27795527 0.79530917
