2 0.27950000 0.80583333 0.13500000 0.30500000
2 0.61150000 1.56750000 0.09500000 0.24833333
2 0.76600000 0.84500000 0.12600000 0.28666667
2 1.05150000 1.56750000 0.06500000 0.33500000
2 1.25200000 0.89250000 0.13000000 0.25833333
2 1.54400000 1.63750000 0.07800000 0.34166667
2 1.62300000 1.04166667 0.11000000 0.27666667
2 1.96400000 1.79833333 0.09800000 0.21000000
4 0.37200000 0.49083333 0.13400000 0.21833333
4 0.87950000 0.62333333 0.14900000 0.18000000
4 1.36900000 0.63166667 0.13400000 0.18333333
4 1.82900000 0.69750000 0.17000000 0.19500000
1 0.36950000 0.43500000 0.24300000 0.46333333
1 0.87450000 0.55666667 0.22700000 0.39000000
1 1.36750000 0.61416667 0.22500000 0.34166667
1 1.83000000 0.66416667 0.23200000 0.40500000
0 0.37200000 1.30166667 0.60200000 2.32333333
0 0.85800000 1.35083333 0.46800000 2.22500000
0 1.34500000 1.36666667 0.50000000 2.19333333
0 1.78300000 1.40250000 0.53400000 2.12166667
