4 0.34125000 0.45687500 0.03416667 0.04125000
1 0.34625000 0.45312500 0.07416667 0.10875000
2 0.27666667 0.77000000 0.03666667 0.08500000
2 0.40375000 0.77437500 0.03416667 0.08125000
2 0.56458333 0.53812500 0.01750000 0.02875000
2 0.63708333 0.54750000 0.01250000 0.02750000
2 0.75458333 0.46187500 0.01083333 0.01625000
4 0.60208333 0.39437500 0.01916667 0.02875000
4 0.73375000 0.36312500 0.01083333 0.01875000
1 0.60416667 0.38625000 0.03333333 0.06000000
1 0.73541667 0.35937500 0.03416667 0.03625000
0 0.34750000 0.68250000 0.18333333 0.62000000
0 0.60291667 0.52562500 0.09416667 0.35625000
0 0.73416667 0.44500000 0.05333333 0.22250000
