2 0.30444444 0.93873518 0.14888889 0.11857708
2 0.29611111 0.85375494 0.15000000 0.15415020
2 0.56333333 0.81620553 0.12666667 0.25296443
2 0.47833333 0.81818182 0.06555556 0.20948617
3 0.28444444 0.35375494 0.15777778 0.11462451
3 0.52388889 0.31916996 0.15888889 0.11264822
4 0.26388889 0.41897233 0.12333333 0.15810277
4 0.53500000 0.40612648 0.13222222 0.14031621
1 0.27500000 0.35869565 0.18333333 0.34189723
1 0.52611111 0.35474308 0.19888889 0.37747036
0 0.23333333 0.51185771 0.40666667 0.96442688
0 0.60500000 0.50197628 0.37444444 0.98023715
