4 0.08978398 0.67006599 0.14086409 0.15476905
4 0.27970297 0.35452909 0.09045905 0.10437912
4 0.64581458 0.38572286 0.14401440 0.16436713
4 0.96242124 0.36532693 0.07515752 0.14757049
1 0.11588659 0.61157768 0.22997300 0.36172765
1 0.28150315 0.32543491 0.26237624 0.25254949
1 0.63096310 0.33413317 0.29432943 0.31673665
1 0.91876688 0.33863227 0.16246625 0.32933413
0 0.24302430 0.60707858 0.47794779 0.78584283
0 0.26777678 0.35722855 0.27722772 0.51889622
0 0.67484248 0.52939412 0.58280828 0.94121176
0 0.86206121 0.47630474 0.27587759 0.84103179
