4 0.20041667 0.26277778 0.05083333 0.06777778
4 0.58208333 0.34166667 0.04083333 0.05222222
4 0.68000000 0.35611111 0.04833333 0.04777778
4 0.80750000 0.30111111 0.04166667 0.04888889
2 0.11625000 0.61444444 0.03916667 0.10222222
2 0.31041667 0.61055556 0.02750000 0.08777778
2 0.51291667 0.64166667 0.02916667 0.06777778
2 0.68625000 0.64277778 0.03416667 0.05666667
2 0.73041667 0.62944444 0.03083333 0.08111111
2 0.87833333 0.63277778 0.03666667 0.05222222
4 0.49125000 0.39944444 0.03916667 0.03888889
0 0.21166667 0.57388889 0.22666667 0.84333333
0 0.59083333 0.61111111 0.20333333 0.72666667
0 0.68833333 0.37444444 0.10000000 0.21777778
0 0.81125000 0.58722222 0.19750000 0.75888889
