3 0.04730258 0.25315729 0.06645817 0.05855339
4 0.04378421 0.27956372 0.04378421 0.05855339
1 0.04339328 0.27726751 0.08522283 0.20321470
2 0.03088350 0.56486797 0.06020328 0.06199770
2 0.13057076 0.62571757 0.03283815 0.09184845
0 0.07349492 0.58381171 0.14698984 0.83237658
3 0.22791243 0.23478760 0.05707584 0.03329506
4 0.22595778 0.27554535 0.03440188 0.04592423
1 0.22400313 0.24741676 0.08991400 0.16877153
2 0.19038311 0.45005741 0.04925723 0.06888634
2 0.29085223 0.44259472 0.04847537 0.06773823
0 0.23612197 0.57749713 0.20797498 0.81974742
3 0.39562158 0.21469575 0.04378421 0.02755454
4 0.39796716 0.23593571 0.03283815 0.03099885
1 0.39835809 0.23650976 0.08835027 0.16073479
2 0.36669273 0.50746269 0.04065676 0.06888634
2 0.45504300 0.49368542 0.04222048 0.07347876
0 0.41438624 0.55855339 0.18451916 0.80252583
3 0.56372166 0.23938002 0.05160281 0.03329506
4 0.56372166 0.26463835 0.04065676 0.03788749
1 0.56763096 0.26291619 0.07349492 0.14236510
2 0.53440188 0.48737084 0.03831118 0.07233065
2 0.60555121 0.48851894 0.03362002 0.07003444
2 0.63017983 0.38576349 0.03127443 0.07807118
2 0.78616106 0.38231917 0.02736513 0.08266361
2 0.80179828 0.49024110 0.03205629 0.09873708
2 0.97537138 0.50287026 0.03674746 0.10562572
0 0.56880375 0.55453502 0.15559030 0.76923077
0 0.70953870 0.59529277 0.18373729 0.78874856
0 0.89210321 0.62456946 0.21266615 0.75086108
3 0.72556685 0.26176808 0.05473026 0.02525832
4 0.72634871 0.28760046 0.03752932 0.05396096
1 0.72595778 0.27726751 0.08053167 0.16188289
3 0.90383112 0.31974742 0.06880375 0.03788749
4 0.90109461 0.34041332 0.03987490 0.05855339
1 0.89953088 0.34500574 0.10711493 0.20551091
0 0.90304926 0.62801378 0.19233776 0.74397245
